71.89 9.3
70.36 9.9
62.72 10.8
65.35 9.8
74.22 8.4
64.98 12.0
75.64 7.9
78.28 6.9
58.79 14.4
79.74 8.4
70.06 10.0
86.1 3.9
53.34 12.3
80.41 6.1
57.61 10.7
49.83 15.8
54.6 13.9
59.06 12.2
65.96 9.5
53.68 14.3
72.6 9.1
65.9 11.6
70.26 10.0
80.11 6.2
72.29 9.2
72.09 9.3
57.13 12.9
49.28 13.9
72.09 9.3
71.78 9.4
63.53 10.5
72.6 9.1
53.07 14.5
69.75 10.2
56.12 13.3
74.53 8.3
47.72 12.4
76.05 7.7
76.45 7.6
71.78 9.4
61.9 11.1
64.24 10.2
51.35 15.2
78.59 6.8
74.12 8.5
56.32 13.3
69.65 10.2
62.82 10.8
63.32 10.6
76.35 7.6
